QtiPlot 0.9.7 project file
<scripting-lang>	muParser
<windows>	2
<table>
Table1	104	4	11/16/09 4:14 PM
geometry	170	19	705	754	
header	1[X]	2[Y]	3[Y]	4[Y]
ColWidth	100	148	137	143	
<com>
<col nr="0">
col("1")*0.1
</col>
<col nr="1">
exp(-col("1"))
</col>
<col nr="2">
2*(exp(-col("1")/2) - exp(-col("1")))
</col>
<col nr="3">
1-2*exp(-col("1")/2)+exp(-col("1"))
</col>
</com>
ColType	0;0/14	0;0/14	0;0/14	0;0/14
ReadOnlyColumn	0	0	0	0
HiddenColumn	0	0	0	0
Comments					
WindowLabel		2
<data>
0	1.00000000000000e-01	9.04837418035960e-01	9.27840129295090e-02	2.37856903453150e-03
1	2.00000000000000e-01	8.18730753077980e-01	1.72213329915960e-01	9.05591700606280e-03
2	3.00000000000000e-01	7.40818220681720e-01	2.39779511486680e-01	1.94022678316020e-02
3	4.00000000000000e-01	6.70320046035640e-01	2.96821414084680e-01	3.28585398796760e-02
4	5.00000000000000e-01	6.06530659712630e-01	3.44540246717540e-01	4.89290935698240e-02
5	6.00000000000000e-01	5.48811636094030e-01	3.84013169175380e-01	6.71751947305910e-02
6	7.00000000000000e-01	4.96585303791410e-01	4.16205571854610e-01	8.72091243539830e-02
7	8.00000000000000e-01	4.49328964117220e-01	4.41982163836840e-01	1.08688872045940e-01
8	9.00000000000000e-01	4.06569659740600e-01	4.62116983762350e-01	1.31313356497050e-01
9	1.00000000000000e+00	3.67879441171440e-01	4.77302437082380e-01	1.54818121746180e-01
10	1.10000000000000e+00	3.32871083698080e-01	4.88157453364810e-01	1.78971462937110e-01
11	1.20000000000000e+00	3.01194211912200e-01	4.95234848363650e-01	2.03570939724150e-01
12	1.30000000000000e+00	2.72531793034010e-01	4.99027967454010e-01	2.28440239511980e-01
13	1.40000000000000e+00	2.46596963941610e-01	4.99976679699610e-01	2.53426356358790e-01
14	1.50000000000000e+00	2.23130160148430e-01	4.98472785185170e-01	2.78397054666400e-01
15	1.60000000000000e+00	2.01896517994660e-01	4.94864892245130e-01	3.03238589760210e-01
16	1.70000000000000e+00	1.82683524052730e-01	4.89462815791980e-01	3.27853660155280e-01
17	1.80000000000000e+00	1.65298888221590e-01	4.82541543038030e-01	3.52159568740390e-01
18	1.90000000000000e+00	1.49568619222640e-01	4.74344808463730e-01	3.76086572313630e-01
19	2.00000000000000e+00	1.35335283236610e-01	4.65088315869660e-01	3.99576400893730e-01
20	2.10000000000000e+00	1.22456428252980e-01	4.54962641716350e-01	4.22580930030670e-01
21	2.20000000000000e+00	1.10803158362330e-01	4.44135850671490e-01	4.45060990966170e-01
22	2.30000000000000e+00	1.00258843722800e-01	4.32755851312500e-01	4.66985304964700e-01
23	2.40000000000000e+00	9.07179532894130e-02	4.20952517245580e-01	4.88329529465010e-01
24	2.50000000000000e+00	8.20849986238990e-02	4.08839596472580e-01	5.09075404903520e-01
25	2.60000000000000e+00	7.42735782143340e-02	3.96516429639360e-01	5.29209992146310e-01
26	2.70000000000000e+00	6.72055127397500e-02	3.84069495812280e-01	5.48724991447970e-01
27	2.80000000000000e+00	6.08100626252180e-02	3.71573802632780e-01	5.67616134742010e-01
28	2.90000000000000e+00	5.50232200564070e-02	3.59094136074780e-01	5.85882643868810e-01
29	3.00000000000000e+00	4.97870683678640e-02	3.46686183561130e-01	6.03526748071000e-01
30	3.10000000000000e+00	4.50492023935580e-02	3.34397542866370e-01	6.20553254740070e-01
31	3.20000000000000e+00	4.07622039783660e-02	3.22268628032580e-01	6.36969167989060e-01
32	3.30000000000000e+00	3.68831674012400e-02	3.10333482439030e-01	6.52783350159730e-01
33	3.40000000000000e+00	3.33732699603260e-02	2.98620508184820e-01	6.68006221854860e-01
34	3.50000000000000e+00	3.01973834223190e-02	2.87153120056250e-01	6.82649496521430e-01
35	3.60000000000000e+00	2.73237224472930e-02	2.75950331548590e-01	6.96725946004120e-01
36	3.70000000000000e+00	2.47235264703390e-02	2.65027279686580e-01	7.10249193843080e-01
37	3.80000000000000e+00	2.23707718561660e-02	2.54395694732940e-01	7.23233533410900e-01
38	3.90000000000000e+00	2.02419114458040e-02	2.44064320281420e-01	7.35693768272780e-01
39	4.00000000000000e+00	1.83156388887340e-02	2.34039288695760e-01	7.47645072415510e-01
40	4.10000000000000e+00	1.65726754017610e-02	2.24324456372090e-01	7.59102868226150e-01
41	4.20000000000000e+00	1.49955768204780e-02	2.14921702865010e-01	7.70082720314510e-01
42	4.30000000000000e+00	1.35685590122010e-02	2.05831197522590e-01	7.80600243465210e-01
43	4.40000000000000e+00	1.22773399030680e-02	1.97051636918530e-01	7.90671023178400e-01
44	4.50000000000000e+00	1.11089965382420e-02	1.88580456047240e-01	8.00310547414510e-01
45	4.60000000000000e+00	1.00518357446340e-02	1.80414015956340e-01	8.09534148299030e-01
46	4.70000000000000e+00	9.09527710169580e-03	1.72547770227710e-01	8.18356952670600e-01
47	4.80000000000000e+00	8.22974704902000e-03	1.64976412480780e-01	8.26793840470190e-01
48	4.90000000000000e+00	7.44658307092430e-03	1.57694006856890e-01	8.34859410072180e-01
49	5.00000000000000e+00	6.73794699908550e-03	1.50694103249630e-01	8.42567949751290e-01
50	5.10000000000000e+00	6.09674656551560e-03	1.43969838871280e-01	8.49933414563210e-01
51	5.20000000000000e+00	5.51656442076080e-03	1.37514027587150e-01	8.56969407992090e-01
52	5.30000000000000e+00	4.99159390691020e-03	1.31319238307040e-01	8.63689167786050e-01
53	5.40000000000000e+00	4.51658094261270e-03	1.25377863594270e-01	8.70105555463110e-01
54	5.50000000000000e+00	4.08677143846410e-03	1.19682179536490e-01	8.76231049025050e-01
55	5.60000000000000e+00	3.69786371648290e-03	1.14224397817470e-01	8.82077738466050e-01
56	5.70000000000000e+00	3.34596545747130e-03	1.08996710834730e-01	8.87657323707790e-01
57	5.80000000000000e+00	3.02755474537580e-03	1.03991330622060e-01	8.92981114632560e-01
58	5.90000000000000e+00	2.73944481876840e-03	9.92005222593280e-02	8.98060032921900e-01
59	6.00000000000000e+00	2.47875217666640e-03	9.46166323823950e-02	9.02904615440940e-01
60	6.10000000000000e+00	2.24286771948580e-03	9.02321133433100e-02	9.07525018937200e-01
61	6.20000000000000e+00	2.02943063629570e-03	8.60395435145240e-02	9.11931025849180e-01
62	6.30000000000000e+00	1.83630477702890e-03	8.20316441800230e-02	9.16132051042950e-01
63	6.40000000000000e+00	1.66155727317390e-03	7.82012934103850e-02	9.20137149316440e-01
64	6.50000000000000e+00	1.50343919297760e-03	7.45415372774890e-02	9.23955023529530e-01
65	6.60000000000000e+00	1.36036803754790e-03	7.10455987273840e-02	9.27594033235070e-01
66	6.70000000000000e+00	1.23091190267350e-03	6.77068843963430e-02	9.31062203700980e-01
67	6.80000000000000e+00	1.11377514784480e-03	6.45189896249630e-02	9.34367235227190e-01
68	6.90000000000000e+00	1.00778542904850e-03	6.14757018980390e-02	9.37516512672910e-01
69	7.00000000000000e+00	9.11881965554520e-04	5.85710029135280e-02	9.40517115120920e-01
70	7.10000000000000e+00	8.25104923265900e-04	5.57990694619470e-02	9.43375825614790e-01
71	7.20000000000000e+00	7.46585808376680e-04	5.31542732778320e-02	9.46099140913790e-01
72	7.30000000000000e+00	6.75538775193840e-04	5.06311800071230e-02	9.48693281217680e-01
73	7.40000000000000e+00	6.11252761129570e-04	4.82245474184200e-02	9.51164199820450e-01
74	7.50000000000000e+00	5.53084370147830e-04	4.59293229717230e-02	9.53517592658130e-01
75	7.60000000000000e+00	5.00451433440610e-04	4.37406408454500e-02	9.55758907721110e-01
76	7.70000000000000e+00	4.52827182886800e-04	4.16538185109810e-02	9.57893354306130e-01
77	7.80000000000000e+00	4.09734978979790e-04	3.96643529336490e-02	9.59925912087370e-01
78	7.90000000000000e+00	3.70743540459090e-04	3.77679164698560e-02	9.61861339989690e-01
79	8.00000000000000e+00	3.35462627902510e-04	3.59603525216630e-02	9.63704184850430e-01
80	8.10000000000000e+00	3.03539138078870e-04	3.42376710028290e-02	9.65458789859090e-01
81	8.20000000000000e+00	2.74653569972140e-04	3.25960436635780e-02	9.67129302766450e-01
82	8.30000000000000e+00	2.48516827107950e-04	3.10317993154930e-02	9.68719683857400e-01
83	8.40000000000000e+00	2.24867324178850e-04	2.95414189925980e-02	9.70233713683220e-01
84	8.50000000000000e+00	2.03468369010640e-04	2.81215310799770e-02	9.71675000551010e-01
85	8.60000000000000e+00	1.84105793667580e-04	2.67689064370670e-02	9.73046987769270e-01
86	8.70000000000000e+00	1.66585810987630e-04	2.54804535389840e-02	9.74352960650030e-01
87	8.80000000000000e+00	1.50733075095480e-04	2.42532136559460e-02	9.75596053268960e-01
88	8.90000000000000e+00	1.36388926482010e-04	2.30843560878270e-02	9.76779254985690e-01
89	9.00000000000000e+00	1.23409804086680e-04	2.19711734683110e-02	9.77905416727600e-01
90	9.10000000000000e+00	1.11665808490110e-04	2.09110771507250e-02	9.78977257040780e-01
91	9.20000000000000e+00	1.01039401837090e-04	1.99015926855930e-02	9.79997367912570e-01
92	9.30000000000000e+00	9.14242314781730e-05	1.89403553981310e-02	9.80968220370390e-01
93	9.40000000000000e+00	8.27240655566320e-05	1.80251060722780e-02	9.81892169862160e-01
94	9.50000000000000e+00	7.48518298877010e-05	1.71536867464660e-02	9.82771461423650e-01
95	9.60000000000000e+00	6.77287364908540e-05	1.63240366250580e-02	9.83608234638450e-01
96	9.70000000000000e+00	6.12834950532220e-05	1.55341881083450e-02	9.84404528396600e-01
97	9.80000000000000e+00	5.54515994321770e-05	1.47822629429840e-02	9.85162285457580e-01
98	9.90000000000000e+00	5.01746820561750e-05	1.40664684939920e-02	9.85883356823950e-01
99	1.00000000000000e+01	4.53999297624850e-05	1.33850941386460e-02	9.86569505931590e-01
100	1.01000000000000e+01	4.10795552253010e-05	1.27365077820620e-02	9.87222412662710e-01
101	1.02000000000000e+01	3.71703186841270e-05	1.21191524936630e-02	9.87843677187650e-01
102	1.03000000000000e+01	3.36330951857190e-05	1.15315432633130e-02	9.88434823641500e-01
103	1.04000000000000e+01	3.04324830084040e-05	1.09722638755050e-02	9.88997303641490e-01
</data>
</table>
<multiLayer>
Graph1	1	1	11/16/09 4:24 PM
geometry	909	74	510	430	active
WindowLabel		2
Margins	5	5	5	5
Spacing	5	5
LayerCanvasSize	417	325
Alignement	0	0
<graph>
ggeometry	5	5	491	371
PlotTitle	 	#000000	4228
<Antialiasing>1</Antialiasing>
Background	#ffffff	255
Margin	0
Border	0	#000000
grid	0	0	0	0	#0000ff	0	0.5	#a0a0a4	2	0.4	#0000ff	0	0.5	#a0a0a4	2	0.4	0	0	2	0	0
EnabledAxes	1	1	1	1	
AxesTitles	Time (s)	Concentrtion (M)			
AxesTitleColors	#000000	#000000	#000000	#000000	
AxesTitleAlignment	5124	5124	5124	5124
AxesTitleDistance	2	2	2	2
TitleFont	Sans Serif	12	75	0	0	0
ScaleFont0	Sans Serif	10	75	0	0	0
ScaleFont1	Sans Serif	10	75	0	0	0
ScaleFont2	Sans Serif	10	75	0	0	0
ScaleFont3	Sans Serif	10	75	0	0	0
AxisFont0	Sans Serif	10	50	0	0	0
AxisFont1	Sans Serif	10	50	0	0	0
AxisFont2	Sans Serif	10	50	0	0	0
AxisFont3	Sans Serif	10	50	0	0	0
EnabledTickLabels	1	0	1	0	
AxesColors	#000000	#000000	#000000	#000000
AxesNumberColors	#1a1a1a	#1a1a1a	#1a1a1a	#1a1a1a
AxesBaseline	0	0	0	0	
CanvasBackground	#ffffff	255
curve	Table1_1	Table1_2	0	1	#000000	0	1.5	7	0	#000000	#000000	0	#000000	14	1	2	0	0	103	1
curve	Table1_1	Table1_3	0	1	#ff0000	0	1.5	7	0	#ff0000	#ff0000	0	#000000	14	1	2	0	0	103	1
curve	Table1_1	Table1_4	0	1	#00ff00	0	1.5	7	0	#00ff00	#00ff00	0	#000000	14	1	2	0	0	103	1
scale	0	-0.2	1	0	8	5	0	0
scale	1	-0.2	1	0	8	5	0	0
scale	2	-2	12	0	8	5	0	0
scale	3	-2	12	0	8	5	0	0
LabelsFormat	0	4	0	4	0	4	0	4	
AxisType	0	0	0	0	
MajorTicks	1	1	1	1	
MinorTicks	1	1	1	1	
TicksLength	5	9
DrawAxesBackbone	1
AxesLineWidth	1
LabelsRotation	0	0
<Legend>
<Frame>1</Frame>
<Color>#000000</Color>
<FrameWidth>1</FrameWidth>
<LineStyle>0</LineStyle>
<x>5.8727735368957</x>
<y>0.80072202166065</y>
<right>8.54452926208651</right>
<bottom>0.506137184115523</bottom>
<attachTo>0</attachTo>
<Text>
\l(1) [A]
\l(2) [I]
\l(3) [P]
</Text>
<Font>Sans Serif	10	50	0	0	0</Font>
<TextColor>#000000</TextColor>
<Background>#ffffff</Background>
<Alpha>0</Alpha>
<Angle>0</Angle>
<AutoUpdate>1</AutoUpdate>
<TeXOutput>0</TeXOutput>
</Legend>
</graph>
</multiLayer>
<open>1</open>
